
==================================
   comuna cantidad precio_promedio
----------------------------------
1    2     3,159     16,401.640   
2    14    7,256     15,819.150   
3    1     3,970     14,549.870   
4    5      708      13,478.040   
5    10      52      13,092.390   
6    13    2,018     12,603.260   
7    11     158      12,425.650   
8    12     503      11,670.170   
9    6      371      11,446.790   
10   15    1,086     11,105.200   
11   4      219      11,054.660   
12   7      124      10,815.670   
13   9       29      10,759.620   
14   3      635      10,139.500   
15   8       1          6,833     
----------------------------------
